admin
admin12
admin888
admin8
admin123
sysadmin
adminxxx
adminx
6kadmin
base
feitium
admins
root
roots
test
test1
test123
test2
password
aaaAAA111
888888
88888888
000000
00000000
111111
11111111
aaaaaa
aaaaaaaa
135246
135246789
123456
654321
12345
54321
123456789
1234567890
0
123qwe
123qweasd
qweasd
123asd
qwezxc
qazxsw
qazwsx
qazwsxedc
1qaz2wsx
zxcvbn
asdfgh
qwerty
qazxdr
qwaszx
111111
123123
123321
abcdef
abcdefg
!@#$%^
!@#$%
~!@#$%
%$#@!
^%$#@~!
88888
55555
aaaaa
asd123
qweasdzxc
zxcvb
asdfg
qwert
1
2
3
4
5
qwe
qwer
welcome
!@#123
111
12
123
123!@#
123654
123654789
123654789!
123go
1314520
133135136
13572468
19880118
1992724
20080808
3452510
360
360sb
376186027
3est
45189946
4816535
4lert
4ngel
520
52013
5201314
520hack
521
535039
584521
80sec
847381979
888999
96315001
981246
admin
aiezu
air
angel
aoyunhui
asp
aspadmin
aspxadmin
axiao
baidu
baiduadmin
baidusb
Baike
bzxyd
C
caodan
caonima
caonimade
caonimadebi
caonimei
cc
ceshi2009
chengnuo
chenxue
chinared
chuang
cmdshell
cms
cnot
dangdang
danteng
dantong
daohao
daoke
daoker
daokers
daoqq
darkst
dreamh
et520
Evav
evil
evilhack
evilhacker
evilhk
f19ht
fclshark
fight
fst
fuck
fucker
fuckhack
fuckhacker
fuckit
FuckYou
ghost
gxp
h4ck
h4ck3r
hack
hack520
hacker
hackersb
hackqingshu
hacksb
hake
hakecc
haode
heixiaozi
hkk007
hkmjj
hkmm
hongker
honker
HqzX
huaidan
iamnotadmin
iloveshell
jcksyes
jiaozhu
jiaozu
jing
jinjin
jspadmin
jtk2352
kill
kissy
lcx
lengfeng
lengfengsk
lengxue
lin
liner
login
love
lovehack7758
lover
loveshell
lunnijie
lx
maek
mama
mama520
nc
noadmin
nohack
noid
ouou
phpadmin
qingshu
qingshu$
r4sky
rensheng
rfkl
rinima
rs
rusuan
sa
sadness
sasa
Satan
sb
sb360
sh3ll
shaomo
shell
shunzi
sin
spider
sq19880602
sunzi
sz
T00ls
tag
tengxin
tengxunsb
tig
tiger
tonecan
tx
ufo
ufohack
username
webadmin
webadmin2
WebShell
whatweb
windows
winner
wocaonima
worinima
wrsk
wrsky
wuzheng
wwwhakecc
xiaoe
xiaowu
xiaoyi
xxoxx
xxxxx
ying
yong
youaresb
youguest
yrpx
yuemo
yushiwuzheng
yy
yyswxws
zhack
zzzzzz
!@#$%^&
!@#$%^&*
!root
$SRV
$secure$
*3noguru
@#$%^&
A.M.I
ABC123
$$$$
54
1000
102
126
226
311
423
519
7
920
1014
1119
1215
1230
1544
1888
1923
1942
1997
2350
2822
3138
427
5280
5500
5523
6228
6425
69
7007
7341
7521
7628
77
7918
7928
81
8354
8421
860086
9121
10101
1026
1062972150
112
11379
127
13707
1513134
16161
17009
19490
20202
2021971
0202puma1971
205
20618
20900
2101002
21177
213
21300
214
217
21975
22188
227
227118
228
23000
23110
236910
25603
270861
301
30289
305
31079
31164
313
315
31528
319
323126
327
328
339520889
3516043731
39077
407
41130
41898
420
421
425
4260518
429
443
47387
501
5105807836
0510cy
513
51300
516
519163
5201212
523
525
527
531
539
53911
56031
565
604
608
60810
610
613
61478
615
619
622
629
63421
63502
0681ok8223ok
70270
7031981
705
70679
707
70988
710
71066
71188
713
715
71698
717
7241113
727
73019780730
75415
76212
77012018
77812
77870
78814
7914131611
0798a
80088
8040701
80475
813
815
8181215
824
824501
827
831
84313
84319
846
8484571
9021117
903927
907
908
909
90909
910
913
914
916
91819
919
92094
92167
924
925
93064
0971ll
98765
10001
100094
1005
100533
1006
1010
101010
101012
1011
101106
101223
101244
1013
10130215
10130216
101325
101476
1015
1016
10173
101847
101887
1019
101978
1020
102030
102125
1022
102218
1023
102400
102478
10248963
1025
1028
1029
1030
1031
103301
103927
10410500
104126
104153
105401
1069
108108
108164
10882048
108975
109430
10952
10988422
1101
110102
110110
11021969
110259
1104
110400
110474
1105
110579
1106
110774
1109
111012
1111
11110
11111
1111111
11111111
1111117111
111112
111113
111122
111168
11117791
111222
111275
111314
11139753
1115
111512
111555
111577
1116
111674
1117
111702
1118
111830
11191006
111999
112000
112081
1121
112121
1122
112205
112211
1122323
112233
11223344
112265
1123
112310
1124
112403
112411
1125
112654
112688
1127
1127512
112822
1129
112933
112938
1130
11309220
1133
11336699
114370
1145766
11614
1164
1166
116729
116xy518
1179
118013
118118
118340
118925
119524
119614
119900
1201
1203
1204
1205
1206
1207
1208
1208123
1210
121000
121110
1212
12120928
121212
12121212
121271
1213
12135
121763
121776
1218
121800
1218712
1220
1221
1222
1223
122333
1224
122400
12240205
122421
12259976
1226
1226101
1227
12271
1228
122872
1229
1229102
12300
12300816
123010
1230403
1231
123131
123132
123175
123178
1233
1234
12343
12344321
1234567
12345678
12345678933
12345687
123459
123491
1234qwer
12354
123555
12366
123666
123698
123757
123789
12380571
123873
123987
123abc
123qqq
123y45
123zxcgogo
124303
124526
12531253
1262301
1268
127202
127927
128314
128626
129129
129581
1297
13001270033
130031
1300321
130116
130125
13012817123
1303
130313
1313
131313
1314
131415
131420
131421
131431
131445
13221
132333
132435
132603
133107
133221
134326
1349
13501976064
135135
1354051206
135642
1357
13570
135724
13578
13579
135790
13601614162
1360163
13601807511
136019
13611828827
1361185
136128
1361669
136180
13655
136b
13701720656
13701790600
13701845614
1370192
137024
137233
137303
138-1940294
13801705365
1380195
13805866477
138355
138918
140499
141119
142234
1425
1429
1438
145513402
145521
147147
147258
147562
147714
1494
149880
150531
150572
151564
152228
15228
152395
152433
155075
1558
15652
158160
159832
1614119
161616
1616woo
162888
163101
163163
16511
16608207
167761
1678
168168
168261
168518
168602
1688
168868
1691002
170512
172090
172263
17409
1741
1766909
1772603
1782109
180232
18023906
180300
180371
1807420
1808420
181121
1812630
181818
1819
182550
184809
1872
187668
188606
191881
1919
191919
19191919
192725
1932
193316
1935
193877
19423357
19430816
19444573
194511
194677
194811
1950han
195577
19577
195866
195882
19591119
19631989
1963210
196418
196438
196511
196521
1965814
196588
19680622
19680918
196825
196893
196900
19690510
19691023
196912
197088
19710204
19710716
19711217
19717408
1972
19720406
19720606
19721027
19721120
1972120
19721205
1972830
1973
197300
197300#
197305
1973227
197323
197328
197333
1973412
197354
197371
1974
19740112
19740114
19740322
19740802
19741117
19741119
19741218
19741220
19741974
197422
1974329
197433
197436
1974723
197478
1974820
197496
197497
197499
1975
19750101
19750124
197502
19750311
19750518
19750723
19750906
197510
19751021
19751110
19751128
1975114
19751200
19751201
19751208
19751214
19751222
197516
1975227
197531
1975617
197568
197577
197596
1976
19760304
19760506
19760626
197608
19760823
197611
19761119
1976118
197612
197615
197623
197624
197625
1976415
1976428
1976518
197655
197668
1976727
197686
1976mf
1977
19770105
19770421
19770622
19770628
19770805
19770919
197710
19771021
1977117
197712
19771222
19771227
19771231
1977131
197725
197727
1977329
197754
1977714
197774
1977828
1978
19780105
19780207
19780217
197808
19780927
19780929
19781123
19781231
197823
197832
197842
1978618
197864
1978722
1978812
1978818
197882
1978830
1978920
1979
19790125
19790228
19790301
19790521
19790705
19790811
19790827
19790913
19790915
19791017
19791028
19791123
19791217
197919
197922
197925
1979310
197943
19796260
197979
1979817
197983
1979924
1979928
1980
19800105
19800126
198002
19800309
19800402
19800712
19800722
19800807
19801020
19801120
19801123
19801124
1980120
19801208
19801229
198026
1980317
1980524
1980818
1980829
198089
1980923
19810128
19810212
19810424
19810506
19810507
19810516
19810720
19810916
19811008
19811015
19811023
19811128
19811201
19811215
198115
1981217
198135
1981522
1981724
1981913000
1981915
19820103
19820529
1982123
198216
198245
1982618
1982718
198281
1982926
19830109
19830814
1983112
1983118
198318
1983221
198335
1983427
1983613
198377
198395
19840315
19840523
19840617
1984412love
1985
19860911
1986115
19873136
1988
198oo3o6
1994412
1995
19970701
199771
19980221
199876
1998818
1999
19991120
199949
1999510
1999831
1a2s3d4f
1qazza
2000
20000101
200020
2000510
200081
200085
200088
200094
2000u571
20011
200291
2003
200438
200540
200795
2009
2010
201307
201314
2013142
201615
201633
201888
202145
202660
202775
203515
2050
2052040
206238
20731
2085038
2089
2100515
210117
2102089
2103
21072500
2108
210boy
211211
21127006
211314
21211417
212307
212322
21400
2144
214789
215052
215976
2160
216101
2163
2167
216709
217121
217758
21822
2186
218630
219711
219812
2200362
220737
22099
221197
221206
221217
221221
221251
2214
221722
222192
2222
22222
222222
2222222
22222222
22227509
2224884
222588
223005
223200
223223
22327
223344
223349
22339
223589
223616
2245910
2246868
225113
2253533
225477
2257995
2262
2262558
226500
2282662
228359
228588
2288
2289
22904600
229359
229376
230235
230711
230933
23103
23181615
232061
2323
2324079
2325597
234007
23417
234234
23454
23456
23506810
2355603
23572357
235756
237869
238888
239026
240000
2400333
2403334
2410
241325
243663
244517
245245
245401
2457450
2478664
24857602
248634
2489
24t1t101
25020
250417
251013
25118
251314
2525
253812
253839
258000
2582916
2585710
2587758
2589758
25910
26013
2607
2610
261027
261200
2613
2613064
2628
263668
264310
26433832
26499
264994
265333
267496
271250
271525
273433
2744360
275275275
2756
27929
2827788
2828561
2829
283300
285900ppp
2868835
2875
288126
2891915
289298
2906
2912921
292231
292344
29396
294003
29401
294919
295029
299001
3.14159
300034
30019
3015
301828
302534
3047357
306840
307668
3077
308115
308318
310107
3.10E+14
3.10E+11
310111
310113
310113084
310227
3106081
3108
311381
311922
312394
312402
3130
313131
313348
313726
3137278
3138375
3141
3.14E+12
31415926
3147
3151815
315495
316105
316318
316984
3171536
317513
318017
318295
318300
31887
319108
319683
3.20E+14
3202660
320402
3204211
320503821101oob
32103210
3211314
321300
321321
321420
32167
322167
3223283
322530
322785
3229683
323565
3241156
3242153
324286
3243067
3245064
3251093
325363
326067
326526
32767
328117
3297219
330203
330330
330476
330726
3310077
3312596
331807
332195
332211
332580
3333
33333
333333
333355
333520
33355555
333888
334130
3344520
335053
33521
3357
335778
335908
336009
3367
3367150
336888
337258
3377
338680
3388963
339575
3407
34073407
3408311
3423
34250359
342623
343434
3435265
343gat
3450381
34567
3457503
346900
350984
3521985
3523168
352354
3528088
3534119
354648
356381
357835
3584
360217
36041511
3610791
3613121
361800
3619
3625238
3654397
365799
368223
3687
369521
3697775
369791
3698209
3699
3699002
370624
371230
372011
372153
372228
3726
3727001
3731895
37324601
374373
376767
377227
3776
3780
3782450
3793933
379666
382135
382789
383838
383855
385510
385670
386502
38667
386753yy
388273
390000
3901698
39426
394576
39611327
398203
400214
401114
4017336
402313
402790
4029
403114
403705
40502
40705177
408806
409152
40917306
410303
410891
410901
4110428
411937
413504
414121
414324
414718
414812
417814
417857
418124
4196108
42214221
422422
424777
424888
425400
42577719
426426
4265
42677
4290
430111
430301
431122
431319
4321
43215678
433263
434000
4363770
436670zj
437351
439114
4401962
441202
441206
441507
44170
441925
4444
444444
4452542
448448
4489207
4497717
4501809
452091
452301
4545
454978
4555
455934
456654
45676
456chen
457315
458158
458791
45986
461139
461461
461511
4623384
463108
4659385
4660503
4689335
47011
47138
4724136
473880
476408
477577
47840
47880624
479280
479424
481612
4888
4891400
489660
491111
495089
496111
496464
500607
5008
5013
5021
50245024
502835
503029
503860
504503
506385
50706862
5081
508509
508936
5098
51000777
51012674
5101325
510613
51098
511103
51123
5113
511789
511885
512120
512215
51275127
513671
51492775
51514
515149
515151
5151511
515376
5156104
516329
516441
516583
516885
5174841
517688
51777
5180
5182
5183
518517
518578
5188
51888
51930824
519758
51marry
51marry99
520066
5201am
520310
5203992
520428
520520
520530
520570
520616
520620
5208
52088
521*!#
52110893237
521258
522039
5223xc
52330
5236926
524524
5249
5251
525621
5266
5270
528345
52915859
5291953
52982121
530111
530527
530730
530806118
53082160
5310057
531127
5313343
531788
535161
535232
5366
5373575
537639123
538263
53999
54007
54118
541881452
54420301
5454594
54719589
54740442
54741162
54743063
54888
548888
5.49E+11
54tq
551102
551236
551688
552525
553600
553920
554327
5544
555111
555333
555555
5555555
55555555
555608
555888
5561
556444
556688
55724
557722
559104
55912148
5601178
56086945
56094492
56147882
56148488
562532
56327836
56402130
56409802
56413818
565120
56512197
565656
565921
56614293
56682126
56721439
56738955
56758040
5678
56787
56789
567890
567891234
56789668
56830993
56848719
56881323
569344
570207
570914
570922
5710195
571181
5712088
5722257
57631018
57666
5802768
5807836
58108243
58109747
58138281
5814
5814442
581525
5818983
582838
5829
5839
5841321
58434
58435738
58443091
58460532
585800
585858
58605860
58658
58745621
58814245
58868455
588688
58917702
589558
589797
59124309
59175528
59238841
59361265
5945
595832
5959
59922006
5995563
5r9wv3
600305
600600600
600601
600707
600839
6008675
600902
601001
601057
6014502
601543
6023500
6031231
604604
6055
6060
606179
6071312
608323
610000
6112008
611217
61131897
611425
6119268
612087
6121077
612211
6130
613136
6140
614819
615112
61515
615438
616161
616616
6171
618618
619203
6200126
620053
620390
620515
620609
6207
620828
62105762
621108
621119
621126
62118100
621220
621223
621515
621779
6218356
6224901
62254
6226286
6226405
622703
623018
62314577
623158
6234
62403334
62457262
625107
62531392
62540205
625625
62562629
62583433
626117
6262
6263328
626626
6267003
627125
627604
627687
6282005
6283398
62841914
629055
62956355
630105
630302
630428
630606
630720
63088625
63119
631205
631631631
6319795
6322
63235
6326
63277200
63292987
63297
63298836
634210
634424
634935
635417
63545920
63661726
63663376
63685269
63689995
63749032
6376
63772120
63873401
639600
640133
64045736
64046975
64051
640721
64080413
640827
641016
64104972
6413
64137799
64161988
64167357
64218
642358
64238297
64247972
642850
64307650
64308224
64309842
64336433
64336899
64369844
64386136
6441630
64524
64537268
64548065
645499
6464234
646843
647077
64738291
64749332
64759571
64775076
64796536
64812625
64867236
64879611
650201
650225
650305
6503056
650313
65036306
650701
650728
65079095
65081389
651103
651219
651356
65147602
6515
65174845
65180788
65226482
65238881
652452
652578
65267656
65283005
65311285
65398071
65427100
65489154
65499487
65499506
6550
65536198
65539362
65559375
65617387
6564
65706672
6571
657364
657417
65743097
658801
659823
660118
66024
660621
660626
660816
66105
661111
661221
66124
6618
661818
66310
663465
6645253
666131
666317
666327
666379
6666
66666
666666
666888
666987
667788
668291
6685687
670907
6712
671224
6714166
6716948
6741503
675167
677303
6775010
6775576
678880
67890
67898
679328
680115
ngnt@waf...
68015802
6801607
680210
681030
681102
681108
681126
6812
68121
684311
6844
68509
68520
68630073
686311
687889
68923148
68924
68949
689689
690224
690226
690411
690508
690604
690805
690828
690930
691026
691105
691118
691218
691220
691229
691230
6962460
6988
timber
time
tina
tinker
tintin
toby
today
tom
tommy
tony
topcat
topgun
topher
toronto
toyota
tracy
training
travel
trebor
trek
tricia
trident
tristan
truck
tucker
tuesday
twins
tyler
u
undead
unicorn
user1
utopia
vader
valentin
valerie
valhalla
vanilla
velvet
venus
vermont
veronica
vicky
victory
video
vincent
viper1
virginia
visa
volvo
voodoo
w
walker
wally
walter
wanker
warner
warriors
watson
wayne
weasel
web
webmaste
webweb
wendy
wesley
western
whatever
wheeling
whisky
white
whitney
wilbur
williams
willow
win95
windsurf
winnie
winston
wo
wocao
wolf1
wolfMan
wolfgang
wolverin
wombat
wonder
woody
wqsb
wrangler
wright
x
xavier
xcountry
xfiles
xhack
xiaoma
xo
xxoo
y
yes
yeshack
yeshacker
yoda
yomama
young
yvonne
zachary
zapata
zebra
zenith
zephyr
zeppelin
zeus
zhongguo
web456vv1234123
a1314521
dajiangda
dingdang
lave
191999618
jfhack
chinasu
2570031
6323778
lucky598
hdhacker
101
hacker007
760901
pfdl
77134056
520222
sanji
xiangzi
lenfeng
3996482
328439222
loweiyi
3981024611
4731505
lost.
xiangge